       t              y(t)              z(t)
  0.0000      0.0000000000     -3.1415926536
  0.1000     -0.3089915526     -2.9878363522
  0.2000     -0.5877376828     -2.5416592072
  0.3000     -0.8089575954     -1.8467329292
  0.4000     -0.9510010098     -0.9710740073
  0.5000     -0.9999670230     -0.0003865389
  0.6000     -0.9510645042      0.9703259592
  0.7000     -0.8090808882      1.8460587733
  0.8000     -0.5879134970      2.5411042103
  0.9000     -0.3092092738      2.9874397820
  1.0000     -0.0002460702      3.1413854089
